ACE                                                                             
   32  0.1000000E+04
   3.2999518   6.4207449   4.6209922   4.2339533   6.8792179   4.2961188
   5.0125405   6.1206254   4.3763656   4.3942254   7.8134115   4.8343520
   4.0227547   7.0916858   2.8851912   2.8799218   6.9276074   2.3862884
   5.0566319   7.4760930   2.1138499   5.9579507   7.4705347   2.5695838
   4.9949196   7.8369476   0.7443946   4.2494793   8.6137133   0.5739431
   6.3976669   8.3786260   0.3736403   6.8787748   8.8502217   1.2305141
   7.0678315   7.5660912   0.0929863   6.3484559   9.0850872  -0.4549676
   4.5865562   6.7738719  -0.3238233   4.4089223   5.5897733  -0.0039796
   4.5014098   7.1696499  -1.6020552   4.6017033   8.1626415  -1.7570041
   3.9796766   6.3236734  -2.6875413   2.9546193   5.9853260  -2.5362845
   3.8768145   7.1918534  -3.8964618   3.6642907   6.6787259  -4.8343497
   3.1451784   7.9958727  -3.8166975   4.8937637   7.5471670  -4.0627951
   4.9117459   5.1348552  -2.9896568   4.4318848   4.0582451  -3.3753449
   6.2209485   5.2796056  -2.7701728   6.5340684   6.2081067  -2.5253427
   7.2118743   4.2025040  -2.9781668   6.8293780   3.3417886  -3.5267701
   8.0809478   4.6983349  -3.4105596   7.5286073   3.7941173  -2.0184790
  -0.7203005   0.6121208   0.1361490  -0.5774435   0.1689963  -0.0868127
  -1.3365657  -0.5722870   0.4513640   0.3149678  -0.1009919   0.1334913
  -0.1566348   0.8575440  -0.2187159   0.0470704  -0.2462578   0.2884291
  -0.2510819  -0.2573010   0.4207662  -0.6086729   0.2788693   1.1559429
   0.4629238   0.0522130   0.0030664   0.2801489  -0.1465465  -0.1084869
  -0.2044206   0.2632380  -0.2987133   0.6025277   0.1274089  -0.6674185
  -0.4456534  -0.0982654   0.1573944  -0.6924405   0.9716369   0.3203780
   0.1284597  -0.0146890  -0.2887394  -0.2580366  -0.2975936   0.2491237
   0.2933214   0.0682721   0.4547024   0.4640007  -0.1569546  -1.0287845
   0.4068988   0.0381242  -0.2114604   0.7310093  -0.6523769   0.5155042
   0.1284876  -0.2687499   0.0550137   1.4493716  -0.2251610  -0.2884777
   1.0098128   0.5971224  -0.3700807  -0.7345343   2.2915992  -0.2051752
  -0.0249956   0.1536333  -0.0000538  -0.1658135  -0.1667078   0.1393825
  -0.4752484  -0.1841725  -0.0993935  -0.3080099  -0.2928633   0.1022987
   0.1251895   0.2357270   0.0466766   0.1236942  -0.2871199   0.8508714
  -0.0410076   0.4321110  -0.0640286  -0.8903058  -0.9953507  -0.1146273
