ACE                                                                             
   32  0.1000000E+04
  10.7569894   8.2552369   2.4703977  10.1191746   7.3725480   2.5167955
  10.3061924   6.9843121   3.5179934  10.4735771   6.6265052   1.8055155
   8.6059969   7.5572887   2.3926309   8.0097776   8.0278149   3.3977120
   7.9973811   7.2376243   1.2470843   8.6409026   6.8954377   0.5478786
   6.6169992   7.3820650   0.9511767   6.1474463   7.2971961   1.9311856
   6.3744348   8.7306559   0.2751224   6.6963820   9.5539586   0.9127927
   7.0040882   8.8056430  -0.6114517   5.3405365   8.8012548  -0.0627682
   6.0204812   6.2060357   0.1420068   6.8028579   5.4627537  -0.4452758
   4.7383351   5.9029662   0.3651038   4.1852734   6.5254984   0.9366601
   4.0407772   4.7537604  -0.3082340   4.7034690   4.2251617  -0.9934517
   3.7147326   3.6231930   0.6427422   4.6821024   3.2144213   0.9346351
   3.2561907   4.0344134   1.5420406   3.0475981   2.8729172   0.2183392
   2.7135871   5.1153479  -0.9946015   2.1651818   6.1576363  -0.6832298
   2.3198972   4.3687891  -2.0470464   2.9679536   3.6813944  -2.4042740
   1.0969007   4.5896151  -2.8068871   1.0035303   5.6052860  -3.1913277
   1.0483908   3.7649466  -3.5179911   0.2038802   4.4098525  -2.2083055
  -1.0669841   0.9149081   0.4450780   0.1068345   0.0126999  -0.0464046
   0.6240821   0.8755505   0.2025369   1.3198800  -0.1053471   0.6534316
   0.5173061  -0.5174326   0.2930976   0.2471682   0.1641376   0.0599506
  -0.0125012   0.1105480  -0.1792840  -1.6921872  -0.7525056  -1.3759393
   0.2014173  -0.0000654  -0.1103118  -0.0562851  -0.1023746  -0.2416632
   0.2778151  -0.3179376  -0.2203312   1.1068090  -0.4372088  -0.4725784
   1.8027189  -0.5729491   0.8014781  -0.2110877  -1.2897916   0.9922707
   0.2566779   0.0501705  -0.0212002   0.1191431  -0.2870577  -0.0392742
  -0.2110244  -0.1194891  -0.1038498   0.5623967   0.2366797   0.2720852
  -0.0114293   0.0457715  -0.1755639  -0.0364304   0.0566196  -0.2081436
  -0.5866622  -0.0225118  -0.1513969  -0.5640219   0.1289006  -0.0128961
   0.8775661   1.0937989   0.1241700  -0.6298608  -0.1012896   0.0545552
   0.0777478  -0.5177336   0.4361116  -0.0851761   0.0129802   0.3204105
   0.1276704   0.2253494  -0.0211257  -0.0155564   0.0882751  -0.0182489
  -0.0676430   0.0841883  -0.0410128   0.4173126   0.2954248   0.3870268
  -0.5694387   0.3456599  -0.3157069  -0.7525571   1.1921001  -0.6938390
