ACE                                                                             
   32  0.1000000E+04
   8.5906479   9.6416771   2.8396682   8.7017279   9.3554880   1.7937920
   9.4381568   8.5548114   1.7253076   9.0451259  10.1219503   1.0990164
   7.3770194   8.7442547   1.2578514   6.9144153   7.7208453   1.7772526
   6.8310628   9.2699145   0.1420528   7.3136114  10.0008498  -0.3609188
   5.5195361   8.7691187  -0.4181863   4.7885662   8.5415539   0.3576985
   4.9354179   9.7564244  -1.4967695   5.6514706   9.7403896  -2.3184212
   3.9485337   9.4083760  -1.8017652   4.7507395  10.7581511  -1.1087777
   5.8399491   7.4150066  -0.9844661   6.9608043   7.2369726  -1.5202827
   4.9482731   6.4617892  -0.9141369   4.0916946   6.7101366  -0.4401146
   5.1587948   5.0439506  -1.2454104   5.7435903   4.9534809  -2.1607957
   6.0152622   4.6171171  -0.1229435   7.0072114   4.3745891  -0.5041487
   6.2825992   5.3768326   0.6115383   5.5937455   3.7396298   0.3674030
   3.7845225   4.3526943  -1.3589743   2.7889180   4.8514368  -0.8634863
   3.7021322   3.1562573  -1.9432035   4.5324628   2.6853546  -2.2732062
   2.4060173   2.4012694  -2.0371112   1.5227128   3.0350881  -2.1155201
   2.3200858   1.6687247  -2.8396659   2.2216838   1.8616049  -1.1081960
   0.0843099   0.4456985   0.2272094   0.0318927  -0.2448027   0.4055876
  -0.2847242  -0.5396732   0.4204988   0.0799384  -0.5999423   0.0336265
  -0.2879450  -0.0767235  -0.1055855  -0.0065640   0.0392208   0.0095265
  -0.4166243  -0.0816724  -0.1002045   0.7320461  -1.6843715  -1.4429972
   0.0609262   0.4324853   0.2416751  -0.1428532   1.0723555   0.2433088
   0.2423727  -0.2784952  -0.1593784  -0.3167616  -0.1157543  -0.6571304
  -0.5003456   0.7870202   0.9314513  -0.3514485  -0.3513142  -0.2443922
   0.0570019   0.0252933  -0.2511427   0.0829854   0.3494587  -0.1379244
  -0.1359906   0.0091623   0.0802334  -0.6765271  -0.1693406  -0.7800506
  -0.0500698  -0.0281267   0.1369741  -0.0635734   0.2051528   0.1046493
  -0.0173378  -0.1210936  -0.0831717  -0.1389540  -0.6513020  -0.0703251
  -0.2085713  -0.0732497  -0.0625040  -0.0553497   0.3453992   0.7376074
  -0.2907637  -0.0102059  -0.1988415   0.2054922  -0.0147972  -0.1064023
   0.2669147  -0.1570330  -0.0569902   0.4129712  -0.7787937   1.1406607
  -0.1217924   0.2616166   0.1079749  -0.6807344  -0.4923514   0.1939160
  -0.1366898   0.7036498  -0.2985027   0.5649348  -0.8723782  -0.3924512
