ACE                                                                             
   32  0.1000000E+04
   4.2903622   4.7925985   3.6656798   4.6370035   5.7281764   3.2267790
   5.3673696   6.1601117   3.9109553   3.7579674   6.3529279   3.0684089
   5.3081140   5.3628289   1.8886537   6.3909970   5.8519079   1.5616521
   4.6184335   4.4779884   1.1388749   3.8304877   4.0482883   1.6021234
   5.0815900   3.9033744  -0.1743810   5.8694938   3.1688596  -0.0076607
   4.0304138   2.9913124  -0.8713813   3.8724019   2.0846488  -0.2873490
   3.1885287   3.5803654  -1.2351755   4.5482601   2.6497039  -1.7676172
   5.5108799   4.9336445  -1.1413985   6.7150033   5.0317536  -1.4679591
   4.6463414   5.9673144  -1.4223446   3.8080146   5.9950566  -0.8597271
   5.0347628   7.0321942  -2.3823601   5.5043653   6.5628747  -3.2468327
   3.7408961   7.5439426  -2.9342932   3.2283078   8.2771428  -2.3115807
   3.9983867   7.9537404  -3.9109530   3.0372416   6.7120906  -2.9657993
   6.0207651   8.2023066  -1.9109718   6.5892192   9.0267882  -2.7101684
   6.3173120   8.1851412  -0.5635216   5.9460813   7.4373405   0.0048813
   6.8531182   9.4263276   0.1223465   6.3113390  10.3422270  -0.1136694
   6.6620251   9.3262659   1.1907901   7.9236280   9.4828340  -0.0749243
  -0.7514888   0.8476087   0.9422321  -0.0622170   0.1961714   0.0588702
  -0.0450777   0.5923955  -0.2062077  -0.3751549  -0.3214877  -0.2771719
   0.2503183   0.0038104   0.0010394  -0.0700941   0.0063248  -0.1814183
  -0.3558360   0.1774644  -0.2745425   0.9691372  -1.0418520   0.9529573
  -0.2219817  -0.0860416  -0.3514186  -0.8952713  -0.5953174   0.6980844
   0.3506308   0.1875488  -0.1996415  -0.2219867  -0.0256041  -0.6749537
   1.0271935   1.7513243   0.6641386   0.6024079  -0.8741217   0.3336709
  -0.2451679   0.0651167  -0.0904346   0.2115021  -0.0875447   0.0221815
   0.0309526   0.1206542   0.1707957   0.8219349   0.3243968   1.3779692
  -0.0243605   0.0074432  -0.0239614   0.1810746  -0.6051415   0.4130076
  -0.3578961  -0.3207183   0.2053515  -0.5558761   0.4481012  -0.8347195
   1.9374065  -0.5184634   0.6696886   0.0121565  -0.6321126   0.0814400
  -0.3023352   0.2374112   0.1225253   0.1828941  -0.0962466   0.1938419
   0.0294261   0.0462289   0.3896203  -0.5855952  -0.5526187  -0.7627581
  -0.1136281   0.1815097   0.2848409   0.5819130   0.5106063  -0.0656534
   1.6831310  -0.2089982   0.6029507  -0.0754433  -1.2036107  -0.0087120
