ACE                                                                             
   32  0.1000000E+04
   6.6325629   5.6699956   3.1770464   6.3299925   4.8714717   2.4996169
   5.2486648   4.8912587   2.3638281   6.6896667   4.0309304   3.0931021
   6.9418936   5.0084581   1.1465944   7.6006250   5.9809065   0.8497386
   6.7187198   4.0696202   0.1932358   6.1824333   3.3127498   0.5927906
   7.2007566   4.1403067  -1.2377198   8.2742612   4.3288832  -1.2489937
   7.1297327   2.8163456  -1.9611661   7.4628978   2.8877414  -2.9965422
   7.6783158   2.0238462  -1.4521462   6.0896790   2.4901754  -1.9600390
   6.4257571   5.2231656  -2.0056735   6.7064869   5.5205316  -3.1770441
   5.4201370   5.8398015  -1.3855111   5.2142651   5.3839823  -0.5080457
   4.6465898   6.9395661  -1.9071618   4.4642543   6.8003658  -2.9727499
   3.2566543   6.9484057  -1.2167968   2.6958395   7.7787764  -1.6458326
   2.6866084   6.0455406  -1.4358457   3.3133546   7.0026788  -0.1296263
   5.3439127   8.3030232  -1.8103898   4.8683237   9.3002826  -2.3782825
   6.5349625   8.3649358  -1.1520040   6.8705506   7.5101319  -0.7315383
   7.1039048   9.6494755  -0.7687085   6.3164157  10.4030296  -0.7578630
   7.5105344   9.6826377   0.2420599   7.9589892   9.9835984  -1.3563244
   0.5652189  -0.2986855   0.3756782   0.1186319   0.1008158   0.0976166
   0.1667109   1.2015758  -0.2240095   0.0669019   0.3393007   0.4701468
   0.0954846   0.2796620   0.4241339  -0.0811176  -0.0590040   0.1901601
   0.0429000  -0.0868377  -0.1305009  -1.3757131   1.1432501   0.3928172
   0.4275860  -0.0057011  -0.2650639   0.5011418  -0.4192423  -0.3425080
   0.1912690  -0.0569119  -0.0258568  -0.7535705  -0.5436534  -0.3758485
   1.4900895   0.3287268  -0.7770056   0.0036984   0.5280540  -0.1824582
   0.2087293  -0.1694174  -0.0009442  -0.3394686   0.1890581  -0.1872876
  -0.1154334  -0.0120452   0.1018871  -0.6311936   0.4061324   0.2033695
   0.4004038   0.2540040  -0.0792518  -0.5768001  -0.2509515   0.1418225
  -0.1384552  -0.0700974   0.1121214   0.8850854   0.5535203  -0.0538120
   0.7665141  -0.7928534   0.6594542   0.9082131  -0.5603169   0.0945756
  -0.0486981  -0.1456380   0.0543563  -0.3242160  -0.3923300   0.0087906
  -0.2750092  -0.2041067  -0.3286666  -0.9701658  -0.3736232  -0.1047609
  -0.3224902   0.3531374  -0.3085581  -0.8263454  -0.1349605  -1.3972074
  -0.0217900   0.1774092  -0.4224085   0.1040622   1.0425792   0.6758671
