ACE                                                                             
   32  0.1000000E+04
   4.1429772   4.1652202   4.3882421   3.4211588   3.9949005   3.5894501
   2.4662641   3.8387740   4.0913463   3.6358594   3.0603850   3.0711024
   3.2629393   5.0834488   2.5992844   2.4717091   4.9099933   1.6992341
   3.9570084   6.2194708   2.7543561   4.6325307   6.4127079   3.4799104
   3.7958991   7.2797412   1.7188236   2.7349180   7.3219245   1.4725724
   4.3336980   8.6369845   2.1909107   4.3123517   9.3664908   1.3813033
   3.8266012   8.9752303   3.0945382   5.3720699   8.5771944   2.5169610
   4.5471347   6.7767384   0.4313710   5.4574881   5.9867828   0.4366177
   4.0215599   7.2974928  -0.6879385   3.1656601   7.8178737  -0.5585585
   4.3797248   6.9200638  -2.1158127   4.2650038   5.8370656  -2.1611352
   3.2944774   7.5235189  -2.9673832   2.9259188   8.4944925  -2.6365128
   3.6715792   7.6111322  -3.9863131   2.4234235   6.8701551  -2.9175717
   5.8989365   7.2923177  -2.5418108   6.3224624   8.3680110  -2.2737146
   6.5504367   6.3446449  -3.1157872   6.1250241   5.4353680  -3.2268719
   7.9921444   6.4384487  -3.4474363   8.5374461   5.8699197  -2.6940958
   8.1324393   5.9061835  -4.3882398   8.2873723   7.4870347  -3.4849576
  -0.2563904  -0.4164723   0.1609143   0.0619979  -0.1407982  -0.1894130
  -0.7206186  -0.3998365  -1.6986876  -0.7370576  -0.4328142  -0.0088392
  -0.0449964   0.0615083   0.0273962  -0.0699396   0.1937631   0.0814067
   0.1291223  -0.0715348   0.4172266   0.6652616   0.6286226  -0.2511716
  -0.2600109   0.2499428   0.1084936  -0.6067705  -2.1139983   0.9322975
  -0.1598363   0.1720227  -0.3069592  -0.5158651  -0.3048881  -0.7340665
   0.1347489   0.1837827  -0.1447647  -0.4597200  -0.0147803   0.6462672
   0.2479073   0.3133717   0.2410270  -0.1944228   0.0816262   0.0788685
   0.0408775   0.0319676  -0.0063997  -0.3805305  -0.9196829   1.2423726
  -0.1431805   0.5059460   0.0872029   0.6554211   0.4220142  -0.0805745
   0.3695442  -0.0791712  -0.2190120  -0.1658694  -0.6907366   1.0494323
  -0.1796506   0.3916730  -0.3873179  -0.2568708   0.7304965  -0.3349057
   0.1626704   0.2910203   0.1265080  -0.0562445  -0.0920061   0.0546254
  -0.3088100   0.0292804  -0.1009696   1.2053303  -0.7291113   0.0424152
   0.5683369   0.0069016  -0.0379689   0.0352181   0.5460619   0.7715589
  -0.0823357  -0.4356755   0.1084301  -0.1247661   0.2148285   0.1653601
