ACE                                                                             
   32  0.1000000E+04
   3.6929651   6.7807732   4.7445368   4.5068496   6.0579947   4.8018376
   4.1338218   5.1440806   5.2641268   5.3862217   6.4953477   5.2746240
   4.9091902   5.7124128   3.3711823   6.0839138   5.4149969   3.2606299
   4.0548850   5.7778381   2.3911342   3.1002463   6.0193680   2.6156978
   4.3078364   5.4497755   1.0224083   5.0074388   4.6159330   0.9644094
   3.0318048   5.0029891   0.3354623   3.2674828   4.6553273  -0.6703641
   2.5586978   4.2026643   0.9044526   2.2629734   5.7690867   0.2350020
   4.9601962   6.6070699   0.2187755   4.4919950   7.7607391   0.3480831
   6.0570655   6.3514863  -0.5047977   6.4406499   5.4268001  -0.3709375
   6.6572210   7.3331566  -1.4670814   6.0656986   8.2449960  -1.5492431
   7.9338654   7.8495266  -0.9194206   7.6874501   8.1432787   0.1009177
   8.6978962   7.0870472  -0.7678216   8.4071441   8.6514722  -1.4859809
   7.0118631   6.7123989  -2.8853369   7.7494236   7.3772726  -3.6164203
   6.4824978   5.4850338  -3.1456262   5.9330721   5.1498822  -2.3672269
   6.4515270   4.6097250  -4.2990156   6.6223673   5.0648142  -5.2746217
   7.1344633   3.7754036  -4.1389967   5.4852338   4.1088819  -4.3584600
  -0.0002195   0.1323130   1.0567982   0.1394264   0.1756827  -0.1260777
   0.0549702   0.4279567   0.3102801   0.2243138   0.4434633  -0.5265062
   0.1427829  -0.0844737   0.0378157   0.3587274   0.1296702  -0.0446507
  -0.0572232  -0.1275641  -0.0752967   0.2787639   0.3995795   0.8422265
   0.1090184  -0.0422214   0.2748144   0.5460249   0.3056866   0.4814417
   0.2666485  -0.1969747   0.1365004   0.1963434  -0.3344106   0.1672878
   0.5224052  -0.3784742   0.0956556   0.3403616   0.1449110   1.8635512
  -0.2399042  -0.3587660   0.4256824  -0.5396475   0.2670538   0.2167857
   0.0260719  -0.2004303  -0.5701106   0.7073425   0.1799209   0.1964944
  -0.0074265   0.4018906   0.1560307   0.3393759   0.6511049   0.3950934
  -0.0675451  -0.2412218  -0.0489935  -1.5056776   0.5006939  -0.5808153
   0.7690072   0.5189349  -0.3495023   0.3383512  -0.1473498   0.4159113
  -0.0228649  -0.0880158  -0.2114055  -0.2916508  -0.0564444   0.1151388
  -0.2546922  -0.3519229  -0.1969810   0.1659582   0.3495085   0.4156921
   0.3035563  -0.3540782  -0.2156235  -0.4233923  -0.7695135  -0.5451735
   0.2951335  -0.2105107   0.6142392   0.0812234  -0.0733540   0.8249053
