ACE                                                                             
   32  0.1000000E+04
   6.3459612  10.4223596   2.2349569   5.7586972  10.2118839   3.1287801
   4.7859158  10.7024274   3.0946752   6.2576821  10.4540220   4.0671208
   5.4540329   8.7214436   3.1462360   5.3264589   8.1234929   4.1965299
   5.2862111   8.1307997   1.9777058   5.5397067   8.5251556   1.0830976
   4.8534024   6.6811789   1.9498408   4.9052547   6.2018623   2.9274230
   3.3649688   6.6979558   1.5272836   2.6359179   6.9008318   2.3117739
   3.1792990   7.3333318   0.6613021   3.0895457   5.7117775   1.1535263
   5.8355876   5.8804279   1.0243838   6.6825347   6.4902086   0.3485524
   5.8022959   4.5385485   0.9794835   5.1686491   4.0339138   1.5827542
   6.5931544   3.7144530  -0.0157202   7.6336443   3.7292248   0.3087219
   6.0677801   2.2812118   0.0434527   4.9864375   2.3417524   0.1664690
   6.4007042   1.7244484  -0.8324902   6.5566677   1.7311974   0.8475503
   6.3294391   4.2160425  -1.4542122   5.1761965   4.2661595  -1.9458664
   7.4236445   4.6062992  -2.1891990   8.3249517   4.3820804  -1.7923724
   7.4949333   5.2302045  -3.5117677   8.1297632   6.1159662  -3.4890020
   7.7337606   4.4164691  -4.1965276   6.5561930   5.5903609  -3.9326646
  -1.0286304  -0.2500784  -0.4879046  -0.1067680  -0.1604305   0.1533875
   0.1227091   0.3101923   0.2895389  -0.2052656   0.4191988   0.0600515
  -0.1343939  -0.3280068   0.0687736   0.0389572   0.1227328  -0.4988056
   0.4621954   0.1997711  -0.0400940   1.0860914   0.3696151   0.2060915
  -0.2664153  -0.0948070  -0.1505705  -0.3128125   0.3284064   0.0617444
  -0.0960170  -0.1397266   0.1446879  -1.2095758   1.2521292  -1.1856395
   0.1211050  -0.4937069  -0.1647497  -0.0371438   0.1168264  -0.5923190
  -0.3169180   0.0091229  -0.1874497  -0.1134458   0.1410201  -0.2083912
  -0.4626973   0.1695632  -0.0700269   0.4985361  -1.3600473  -0.2838136
  -0.1186403   0.1258464  -0.3280583   0.0554626  -1.8030930  -0.6765082
  -0.3482973  -0.0805218  -0.1572618  -0.3331181  -0.9573450   0.5084677
   0.5421820  -0.9787046   0.7243421  -1.4148021   0.5512317   0.9586763
   0.0712061   0.1330618  -0.0898250   0.1856856  -0.1479024   0.3143498
  -0.1308674   0.0074496   0.1184623  -0.3361659  -0.5945896   0.2554836
  -0.0513378   0.1817281   0.0115972  -0.3804750   0.4060099   0.8564604
  -0.8464566   0.1922156  -0.2889745  -0.9493231  -0.7414400   1.1525270
