ACE                                                                             
   32  0.4000000E+04  0.3644800E+03
  -9.0147531   6.0102988 126.2975415  -8.6982615   5.7124189 125.2979413
  -8.2994238   4.7007230 125.3721074  -8.0689273   6.4860591 124.8580331
  -9.9706201   5.6079932 124.3694685 -11.0093484   6.0560571 124.8193358
  -9.9159519   5.0230303 123.1744993  -8.9743901   4.9890288 122.8106238
 -10.9265674   4.7277677 122.2652557 -11.4255176   5.6560679 121.9870334
 -10.2523806   4.2114730 120.9801404  -9.5898826   3.3679564 121.1742438
 -11.0260882   3.8618297 120.2966008  -9.6617943   5.0123071 120.5351992
 -11.8507685   3.7563791 122.9211418 -13.0875465   3.8103560 122.8223610
 -11.2191076   2.6879622 123.4577906 -10.2142119   2.7433306 123.3728250
 -11.9050407   1.7066054 124.3295010 -12.7460254   2.1409852 124.8700181
 -12.5466052   0.6232489 123.4329541 -13.1795201   1.0524658 122.6562357
 -11.7420243  -0.0043935 123.0497898 -13.3239167   0.0801577 123.9704843
 -10.9733477   1.1451324 125.4149922  -9.7109196   1.1913326 125.2771140
 -11.5532564   0.6024974 126.4875117 -12.5618882   0.5501799 126.4925700
 -10.8818315  -0.2752976 127.5336650  -9.9042670   0.0883012 127.8503090
 -11.5379683  -0.3444480 128.4013072 -10.6100381  -1.2557084 127.1424833
   0.6727175   0.7111741   0.4469665  -0.0672182   0.0679454   0.3945078
  -0.3867210   0.0227326   1.7727198  -0.5973439   0.8956775   1.0590670
   0.1746795  -0.2827798  -0.2742518  -0.0257837   0.1017618   0.2979434
   0.0654303  -0.0429935  -0.0735701   0.0777593  -0.2197129  -0.0260999
  -0.3917228  -0.0112697   0.0048712  -0.0561348  -0.2226387  -1.3783368
   0.1803997  -0.2670608   0.0304003   0.8492742   0.0456331  -0.8263623
  -0.4226275  -0.4109896   0.7725957   0.2925906  -0.3044184   0.1116146
   0.2898151   0.0885227  -0.0535357  -0.1943961   0.3268641   0.0569123
   0.1732116   0.3223247   0.6667475   0.0868449   0.2794451  -0.5669074
  -0.2186004   0.0737439  -0.1915954   0.1704432   0.2723438   0.2616099
  -0.0227214   0.1359220   0.0918789  -0.3391132  -0.7337405  -0.1428876
  -0.0589958   0.1975378  -0.0861657   0.7548939  -1.7560004  -0.6062426
   0.0154222   0.1436782  -0.3812377   0.2674861   0.1578836   0.0169986
   0.0205155  -0.2066984  -0.5230065   0.0236634  -0.3093812   0.2375289
  -0.1968462   0.2218690   0.1855807  -0.2387846  -0.9451041   1.7813740
  -0.6284611   1.9566173   0.0353761   0.5562086   0.3612356   0.3435250
