ACE                                                                             
   32  0.4000000E+04  0.3310000E+03
  28.5368757 -21.7619945  66.9059237  27.5275338 -22.0613774  66.6236141
  27.4440069 -23.1342477  66.4501998  27.0709351 -21.5598474  65.7703347
  26.6138598 -21.8443482  67.8305456  26.1996236 -22.8529255  68.4694462
  26.4506389 -20.5475524  68.1740120  27.0954625 -19.9027753  67.7397712
  25.5883425 -20.0867727  69.3355524  25.8463922 -20.5460834  70.2897767
  25.9779799 -18.6594447  69.6916298  25.6609102 -18.5932495  70.7323915
  27.0591787 -18.5260690  69.6552979  25.3654580 -17.9680745  69.1129040
  23.9634253 -20.2307726  69.1851724  23.2983007 -20.2295914  70.2076043
  23.3598499 -20.3957657  67.9881893  23.8231046 -20.1711627  67.1192540
  21.9672974 -20.7728993  67.8222220  21.2910699 -20.3904628  68.5867864
  21.5293748 -20.1562899  66.4493008  20.4438923 -20.1114426  66.3608902
  21.7330618 -19.0855076  66.4554216  21.9848141 -20.7274897  65.6403472
  21.7894580 -22.3050329  67.8565398  20.7046554 -22.8032257  68.0065511
  22.8656565 -23.1161485  67.6853711  23.7569281 -22.6512660  67.5872931
  22.8838328 -24.5435336  68.1044590  23.9097887 -24.7084824  68.4335585
  22.2640585 -24.7081637  68.9858655  22.6217538 -25.1259763  67.2211838
   0.1356783   1.1573965  -0.6247499   0.2678939   0.2134835  -0.1379513
   0.1278251   0.1546945   0.2814900  -0.2374232  -1.6530787  -1.0187606
   0.0231698  -0.0710928   0.5342889  -0.1566799   0.0726836   0.1660577
  -0.0640916  -0.1394134   0.1063850   0.0045905  -0.1903339   0.1325772
   0.0993360  -0.2483544  -0.0013624   0.1256653  -0.9073150  -0.3199205
   0.2337409  -0.3087138   0.1232742  -1.0980400  -0.6428356  -0.2413709
   0.0728658   0.9845066  -0.5059431   0.5317483  -0.5451142  -0.4835859
  -0.2702294   0.6642197   0.0387855  -0.0004254   0.2432706   0.1299517
   0.1351849   0.1589256   0.0014798  -0.9166344   1.1277663  -0.3342453
   0.1010843  -0.0682973  -0.1368499  -0.6764547   0.2637011  -0.9717333
   0.2493387   0.2547988   0.2159709   0.1645211  -0.4701994   0.7898417
  -0.6302802   0.4300791   0.1721588   0.6068076  -0.5592885   0.9747752
  -0.1386661  -0.5031923   0.1038790   0.2527763   0.0013584  -0.0235863
   0.0650310  -0.0785734   0.1774928  -0.5265357   1.3191454   1.0981810
   0.0909005  -0.5391934  -0.0039896   0.3560062   0.7909072  -0.1063391
  -0.3757069  -0.6905492  -0.3561220   0.9933122  -0.3845516  -0.3851099
