ACE                                                                             
   32  0.4000000E+04  0.4430500E+03
 -12.4035274 139.6927824  -7.5259549 -11.7858642 140.5906260  -7.5476135
 -10.9960502 140.5199953  -8.2954810 -11.2025275 140.4642612  -6.6355552
 -12.6004979 141.9047316  -7.4881500 -12.2545500 142.7117655  -6.5904695
 -13.6703438 142.0512800  -8.3002869 -14.1350487 141.3092318  -8.8037885
 -14.4481613 143.1834050  -8.3134008 -13.8415806 144.0829878  -8.2089438
 -15.1787861 143.2554989  -9.6097631 -15.8800266 142.4230167  -9.6675148
 -15.7605792 144.1750689  -9.6730719 -14.5575318 143.1294576 -10.4964742
 -15.5324736 143.1287779  -7.0882169 -15.9902309 142.0492290  -6.6992386
 -15.8667410 144.2049399  -6.4936637 -15.3200233 144.9832267  -6.8334717
 -16.6014404 144.3930224  -5.1856919 -16.5688315 143.4358501  -4.6652517
 -15.7787057 145.3359670  -4.2549323 -14.7225414 145.0877685  -4.3598863
 -15.9512093 146.4012967  -4.4079528 -16.1144024 145.0929266  -3.2467959
 -18.0919117 144.8473439  -5.3495339 -18.6049226 145.1534875  -6.4823671
 -18.8202904 144.6802916  -4.2290938 -18.4336708 144.2902632  -3.3814482
 -20.1197282 145.2821565  -3.9247493 -20.0984689 145.4903740  -2.8550322
 -20.4279095 146.1044889  -4.5704222 -20.9277188 144.5612902  -3.7998330
   1.1681809  -0.8042748   1.1627370  -0.2148502   0.1693696   0.5614402
  -0.2904823  -0.0751490   0.5037193   1.6299081  -0.5382266  -0.6560739
   0.0644595   0.0041272  -0.4703581  -0.2924586  -0.0846753   0.2330015
   0.2601918   0.4589859  -0.4182967  -0.3759430   0.1354761   0.6136443
   0.5030125   0.3960388  -0.0971967  -1.5125395   1.7911857   0.1885455
   0.2415804  -0.6340817   0.0410702   0.2507698  -0.6417441   0.0399162
  -0.5951867  -1.1500487   0.0799067  -0.5958241  -2.4016536  -0.3401885
  -0.0990935  -0.1957029  -0.1371563  -0.1735668  -0.1854858   0.3661025
   0.3534673  -0.0110247  -0.2120071  -0.0928842   0.3565503  -0.0987085
   0.1514726  -0.2736604   0.0994000   1.0193783   0.1664045   0.8850651
  -0.2406438   0.3825500  -0.3425370  -0.0824855   0.4844797   0.8628089
  -1.9979901   0.1730443  -0.0356548   0.4926621   1.0497161   0.0742172
   0.0110096  -0.4240583   0.5059654  -0.0082934  -0.0746616  -0.1107476
  -0.1233176  -0.2334187   0.3034312  -1.5330588   0.0210851   1.0958709
   0.0799593  -0.1356293   0.1761230  -0.0674373   1.3010483  -0.0799897
  -0.3438021  -0.3032497   0.1616103  -0.8662752   0.6402497  -1.1909971
