ACE                                                                             
   32  0.4000000E+04  0.4016900E+03
 183.4131711  41.7768557 -15.7638081 182.9443006  41.1264837 -16.5022367
 182.3522254  41.7619197 -17.1608474 182.2012892  40.4419324 -16.0930626
 183.8709185  40.2770842 -17.2481247 184.0731754  39.0943687 -16.8714882
 184.1825124  40.7292093 -18.4198118 183.8408509  41.6701970 -18.5536381
 184.6147054  39.9807743 -19.5882790 183.8343025  39.2306636 -19.7163625
 184.6728716  41.0324620 -20.7063334 185.0261221  40.4766965 -21.5749178
 183.6949003  41.4540283 -20.9386148 185.2557551  41.9132956 -20.4371141
 185.9437162  39.2036936 -19.4756575 186.7723189  39.5539413 -18.6759952
 186.0390564  38.2047522 -20.3199272 185.2699205  38.0522702 -20.9565427
 187.2515514  37.3356617 -20.3776277 187.3387193  36.7299768 -19.4756036
 187.2142326  36.3899786 -21.6191503 188.1375555  35.8227468 -21.5015789
 186.3427821  35.7460918 -21.5004748 187.1080802  37.0173890 -22.5041294
 188.6316702  38.1712345 -20.5426759 188.6287008  39.2610433 -21.0840226
 189.7096958  37.4540579 -20.2575979 189.6083094  36.6041597 -19.7214135
 191.0738211  37.7945492 -20.6318424 191.3586480  37.6584404 -21.6751300
 191.2262656  38.8514934 -20.4133711 191.8525685  37.1467154 -20.2293951
   0.4442961   0.1003864  -0.1899866   0.0908789   0.0934543   0.0380725
   0.6994206   0.2255218  -0.3904445   0.3070833  -0.2779005  -0.1847504
  -0.0183145  -0.5860765   0.1947859  -0.0096639  -0.2437060  -0.5234200
   0.4448294  -0.3946642  -0.0075350  -0.5809110  -0.7768211  -0.1694742
   0.1259881   0.4375085   0.1393975   0.7303512  -0.5662771   1.9610502
  -0.0065129   0.1149036   0.3843772  -1.0478508  -2.8024089   1.6943342
   0.1876473   1.0644483   1.2181979  -0.6169256   0.6815925  -0.1123799
   0.1673566   0.2174727   0.0471690  -0.2628524  -0.3118510   0.0280291
  -0.1855308   0.1700975  -0.0045211   0.9059814  -0.9980732  -1.1039287
  -0.0977096   0.0721367   0.0275380  -0.2324618  -0.0580148  -0.0463734
   0.1690887   0.4666783   0.0927133  -0.2775943  -0.1860375   0.5220221
  -0.5990108   1.2803602  -0.9340679   0.6055100  -1.4143449  -1.3606997
   0.4426579   0.3896408   0.1226325  -0.2385049  -0.3628880   0.2401036
  -0.4254330  -0.5981474   0.0230382   0.4980012  -0.4458994   0.4593144
  -0.4593738  -0.1067372  -0.0877352  -0.2572725   1.3903523  -0.2505281
   0.0700450   0.1214666  -1.4577770  -1.0276926  -1.1673419  -0.6504733
