ACE                                                                             
   32  0.4000000E+04  0.5400400E+03
  -2.2066963   3.2490176  32.1481546  -1.4062890   3.7138761  32.7237889
  -0.5770134   3.9200514  32.0471104  -1.0789045   2.9813618  33.4615845
  -1.8741941   4.9281387  33.4708085  -2.7705866   5.6656403  33.0391822
  -1.1102494   5.2685238  34.5423606  -0.5262167   4.4778122  34.7742678
  -1.0428150   6.4959114  35.3276519  -1.1123002   7.3734635  34.6848654
  -2.1833940   6.5497879  36.3571838  -1.9497963   5.8499198  37.1595033
  -2.2343127   7.6203491  36.5556941  -3.1991790   6.3039400  36.0476039
   0.3241461   6.4559060  36.0536929   1.1211553   5.5274728  35.8599527
   0.6881852   7.4603366  36.8266999   0.0050507   8.1854415  36.9929836
   1.9651104   7.4620293  37.6284113   2.6656846   6.9224122  36.9911443
   2.5380798   8.8731926  37.7223461   2.6098770   9.3287925  36.7347359
   1.8556803   9.6108714  38.1445557   3.5354325   8.8019893  38.1563021
   1.8022439   6.7315502  38.9443403   1.3999906   7.4002768  39.9338877
   1.8088843   5.4543929  39.0199225   1.6287747   4.9361912  38.1719087
   2.4054654   4.7050320  40.1107232   2.6144866   3.6596958  39.8833836
   3.3547602   5.1723672  40.3725192   1.7754588   4.7402739  40.9995144
   0.2397159   0.1308669  -0.8053524  -0.3665502   0.4156496  -0.1773476
  -0.7041593   0.0375162  -0.7145486  -1.1168675   2.1622094   2.0058133
  -0.0901796  -0.4224752   0.3374369  -0.0988290   0.1587702   0.3837250
   0.2124895   0.0653210  -0.1472531  -1.2413074  -0.9972472   0.0355158
  -0.0036373   0.2056001   0.0763727   0.5924386   0.0451568  -0.2145284
   0.1545541  -0.2557597   0.1487547   0.1626700  -1.9331087  -1.2557579
  -0.1901674   0.1970428  -2.1035628  -0.2399005  -0.1797702   1.3311622
  -0.2747116   0.0083297  -0.4548146   0.1303277  -0.3368037   0.1549078
   0.0507175  -0.2185832   0.0952405   0.3424268   0.5058724  -1.6423376
  -0.1819962  -0.4126364   0.1409233  -0.1615258   0.9151714  -1.0104702
   0.2366770   0.4294983   0.3423601   1.0786492   1.7644556   0.9892753
  -0.0709972   0.1445197   0.3471970  -0.3108450  -2.6095510   1.3507812
  -0.4340442  -0.3058396   0.1508140   0.3812935  -0.0847659  -0.2786973
   0.0687800   0.0879354   0.2056345   1.0968621  -0.1391065   0.1125466
  -0.7208412  -0.1908305   0.1481943  -2.3413779  -0.4454955  -0.3010317
  -0.5496325   0.2726071  -1.2175170  -0.4202666   0.3389266   0.3449600
