ACE                                                                             
   32  0.4000000E+04  0.4890100E+03
  35.9751320 -23.6889787 126.2082664  36.4186039 -23.3496069 127.1443536
  36.7290356 -22.3067707 127.0793632  37.3230862 -23.8695122 127.4601229
  35.2366791 -23.4275766 128.1664025  34.2618505 -24.0974931 127.8488741
  35.4075778 -22.8870335 129.4271879  36.3340267 -22.5365126 129.6244905
  34.4085415 -22.4182976 130.2634907  33.5825500 -23.0959936 130.0476986
  34.7856781 -22.5724365 131.6984318  34.0022185 -22.7129967 132.4431018
  35.3787386 -23.4753286 131.8439137  35.3521022 -21.6717034 131.9349559
  34.0425724 -20.9276768 130.0116016  34.8256070 -20.1684935 129.4608622
  32.8773973 -20.5547541 130.6378157  32.4451092 -21.2918339 131.1762768
  32.3479405 -19.2843725 130.7461645  32.4149531 -18.8780632 129.7369459
  30.9863613 -19.5764749 131.4224251  30.4022450 -18.6602141 131.5082979
  30.4493216 -20.2114459 130.7177969  31.1974533 -20.0522943 132.3800974
  33.1518970 -18.1630450 131.5000650  32.9393623 -17.0227187 131.0516205
  34.1152358 -18.4877149 132.3660326  34.1600320 -19.4818773 132.5384707
  35.0534047 -17.4863634 133.0070448  36.0316696 -17.5438977 132.5297737
  34.6184319 -16.4882080 133.0578844  35.3221053 -17.8541225 133.9973242
  -0.6822869   0.2325704   0.5549202   0.0235506  -0.0236784   0.3201905
  -0.6171633   0.1978565   0.7180605  -0.0682625   0.2840880   1.1136298
   0.0672700   0.2133916  -0.0371033  -0.0480644   0.0130824  -0.6116175
  -0.0788358   0.0085756   0.0190107  -0.1326679   0.2134367  -0.0891612
   0.3466737   0.0008045   0.2608025  -0.2776035   0.7098492   0.3806065
   0.1943400  -0.2714512  -0.4088670   1.1227999   1.6138931   1.0122351
   0.8638211   0.2348800   0.0700380  -0.0118481  -0.2785164   0.1260267
  -0.6860035   0.0670384   0.7934435   0.0165853  -0.3569502   0.0139219
   0.2853525   0.1451713  -0.2004459   2.3160063  -1.3465816  -0.4900164
  -0.2353190   0.3087492  -0.0123017   1.2617153   0.2489249   0.0402412
   0.1446745  -0.6021481   0.2434506  -0.9985836  -1.3806550   1.0859178
  -0.2413862  -0.6628073   0.5884017  -0.1943417  -0.7667904   0.2378923
   0.1795934   0.0567436   0.1189761  -0.3473759   0.4564185  -0.3870502
  -0.4759178  -0.2151583  -0.2051046  -0.6661389  -0.1791663   0.0581677
  -0.0865550  -0.2445105  -0.5281858   0.3008104  -1.3192943   0.3508349
  -0.3240012  -0.3801375   0.2353563   1.2606106  -0.6130138  -1.0080503
