ACE                                                                             
   32  0.4000000E+04  0.5967600E+03
-100.8199445  57.6902141  85.7466362 -99.9752724  57.4522393  86.3931632
-100.5726486  56.8485063  87.0763529 -99.5116726  58.2432200  86.9826758
 -98.8591814  56.6565434  85.7039241 -97.7443403  56.4703354  86.1254547
 -99.1694692  56.1181044  84.5371691-100.1420213  55.8795742  84.4054660
 -98.1783825  55.4872258  83.5958686 -97.7200715  54.5580032  83.9343895
 -98.9349422  55.2182390  82.2989220 -99.7419530  55.9415098  82.1818202
 -98.2335467  55.3354811  81.4728476 -99.3600454  54.2207604  82.1874597
 -97.0729213  56.3654228  83.1784696 -96.0415103  55.8765052  82.7695485
 -97.1977929  57.7166884  83.3757788 -98.0312426  58.0465922  83.8412087
 -96.1268936  58.7400904  83.1056073 -95.8118517  58.5579293  82.0781511
 -96.9239036  60.1145969  82.9154766 -96.2349394  60.9579883  82.8694420
 -97.5157558  60.1242613  82.0002072 -97.5480524  60.3213059  83.7848499
 -94.9460444  58.9318468  84.1343458 -93.9594806  59.5515371  83.9368650
 -95.2231476  58.3947842  85.3309558 -96.1540274  58.0471821  85.5118855
 -94.3475542  58.5357867  86.4200656 -93.9298720  59.5407757  86.4803871
 -94.9417016  58.3073826  87.3048939 -93.5658556  57.7837200  86.3130922
  -0.1934669   0.1746306   0.3134396   0.1170529  -0.1113086  -0.1906579
  -1.0300755  -1.9320565  -2.6433085  -0.7932092   0.8415037  -0.7183071
  -0.3064628  -0.0275191   0.4491510  -0.0234994  -0.2427759  -0.4645500
  -0.1004766   0.2165302   0.2148427  -0.0743007   1.2829948  -2.6242714
   0.1592685  -0.2475296   0.3565416  -1.0047148  -0.9277193   0.1219044
  -0.1728740  -0.3598303  -0.8630702  -0.2873782  -0.4372149  -0.5614271
  -1.7289665   0.4901001  -2.1222360  -0.3994586  -0.3491277  -0.1466046
   0.1981506   0.0269890  -0.4383268  -0.1976693  -0.1087929  -0.0418116
   0.3006843  -0.0949415   0.0327000   1.2897957   1.7646492   0.5901200
  -0.1143416   0.0144284   0.0024045   0.7482191   0.5078835   0.1692854
   0.0320626   0.3850468   0.0838538   0.0291373   0.3770504  -0.1152494
   0.0336926  -0.9627355   0.0482669   1.2382761  -1.0849122   1.3610649
  -0.2965444  -0.3485841  -0.2290930  -0.2001051   0.0144978  -0.0786645
   0.0598124  -0.3859918   0.4460633  -0.2283479  -0.1251850  -0.4786363
   0.1391986   0.6559298   0.1958504   3.3872008  -0.4241538  -1.7021587
  -1.0739490  -1.2920259  -1.0429633  -1.1027878  -0.7958250   0.9265693
