ACE                                                                             
   32  0.4000000E+04  0.3000000E+03
 -76.6535021  33.9695122  28.0585526 -76.3132502  33.1539642  27.4204224
 -75.8163075  33.5328701  26.5273500 -77.1221289  32.4821203  27.1332962
 -75.2784020  32.2627575  28.1018022 -74.2863718  31.9512822  27.4218423
 -75.5449871  31.6595549  29.2825264 -76.3196011  32.0372203  29.8092544
 -74.6742215  30.7203533  29.9682558 -73.6326935  30.8542775  29.6760495
 -74.7725419  31.0074069  31.4765059 -74.0296964  30.3789132  31.9677047
 -74.4518591  32.0298696  31.6760880 -75.7620685  30.7438430  31.8499644
 -74.9879909  29.2733210  29.7578708 -75.5192997  28.5136010  30.5925440
 -74.7788947  28.8591761  28.4506164 -74.5402479  29.6064454  27.8144275
 -74.9749750  27.5374030  27.9261423 -76.0474368  27.3664416  27.8328796
 -74.5153703  27.4661425  26.4709712 -74.5182062  26.4270085  26.1418929
 -75.0762831  28.0879694  25.7732548 -73.4750801  27.7635022  26.3387808
 -74.4207449  26.3282809  28.7261268 -73.3650906  26.3590793  29.2810720
 -74.9919682  25.1078919  28.6599489 -75.9123555  25.1562777  28.2468545
 -74.6001257  23.9741725  29.4198362 -73.7852518  24.1585300  30.1199029
 -75.4528311  23.5136138  29.9187141 -74.2312982  23.2103132  28.7353028
  -0.2928779   0.3804272  -0.8850980  -0.0168003  -0.0290981  -0.2253959
  -1.6542046   1.1888132  -0.6697692  -0.1359138  -0.2417400   0.5823348
   0.0535965   0.1750032  -0.1618569  -0.0454582  -0.0530916  -0.1378575
   0.0189522  -0.2139159   0.2316989  -0.2593789  -0.8935355   0.3202876
   0.1563786  -0.1782851  -0.0452389  -0.3382415   1.6193136  -1.1487103
  -0.0313120  -0.0418241  -0.0557999   0.9753684   0.7024622  -0.5873653
  -0.1606195  -0.0873072   0.3964726   0.1354027  -0.0768365   0.3668429
   0.2488298   0.1172598  -0.0299847   0.0260315  -0.5942761   0.1430265
  -0.0948510   0.1381609  -0.4966258   0.8296967   0.2046011  -0.0882445
   0.0774237   0.4028619  -0.0568565   0.0780926   0.0582644   0.5180972
  -0.1639825   0.3508445   0.0583242   0.4885017   0.1988168   0.5124025
   1.0793652   0.1052150  -1.2071694  -0.4819317   1.1564475  -0.7391998
   0.1691767   0.3308158   0.1569280  -0.1374005  -0.2218084  -0.3560175
  -0.0168441   0.0330284   0.1059658   0.1742082   1.2606074  -0.2167469
   0.4492578  -0.0377719   0.0994490  -0.1375229  -0.4254941   0.9011929
  -0.0635952   0.0708278  -0.6594438   0.7650718  -0.0771712   0.3113640
